CASE = Test #1
Input=3 3 3
11 12 13
1 U 2 1234 5678 1 11
2 A 1 3211 3 11 12 13
3 U 1 6532 2 12 13
11 1234
12 6532
13 3211
1
Output=3
CASE = Test #2
Input=3 3 1
11 12 13
1 U 2 1234 5678 1 11
2 A 1 3211 3 11 12 13
3 U 1 6532 2 12 13
11 1234
1
Output=1
CASE = Test #3
Input=4 4 6
11 12 13 14
1 U 2 1234 5678 1 11
2 A 1 3211 3 11 12 13
3 U 1 6532 2 12 13
4 A 3 1432 5908 5221 4 11 12 13 14
11 1432
12 5908
13 6532
13 3211
14 5221
14 5908
1
Output=2
CASE = Test #4
Input=4 4 4
11 12 13 14
1 U 2 1234 5678 1 11
2 A 1 3211 3 11 12 13
3 U 1 6532 2 12 13
4 A 3 1432 5908 5221 4 11 12 13 14
11 1432
12 5908
13 6532
13 3211
1
Output=2
CASE = Test #5
Input=3 3 3
11 12 13
1 U 2 1234 5678 1 11
2 A 1 3211 3 11 12 13
3 U 1 6532 2 12 13
11 9880
12 6532
13 3211
2
Output=2
CASE = Test #6
Input=3 3 3
11 12 13
1 U 2 1234 5678 1 11
2 A 1 3211 3 11 12 13
3 U 1 6532 2 12 13
11 1234
12 6532
13 3211
2
Output=3
CASE = Test #7
Input=4 4 4
11 12 13 14
1 U 2 1234 5678 1 11
2 A 1 3211 3 11 12 13
3 U 1 6532 2 12 13
4 A 3 1432 5908 5221 4 11 12 13 14
11 1432
12 5908
13 6532
13 3211
2
Output=4

CASE = Test #9
Input=3 3 15
11 12 13
1 U 2 1234 5678 1 11
2 A 1 3211 3 11 12 13
3 U 1 6532 2 12 13
11 5678
11 5678
13 5678
12 3211
12 3211
12 3211
12 3211
12 3211
12 3211
12 3211
12 3211
12 3211
12 3211
12 3211
12 3211
2
Output=14
CASE = Test #10
Input=3 3 0
11 12 13
1 U 2 4321 1122 0
2 A 1 3211 0
3 U 1 6532 2 12 13
3
Output=""
CASE = Test #11
Input=3 3 15
11 12 13
1 U 2 1234 5678 1 11
2 A 1 3211 3 11 12 13
3 U 1 6532 2 12 13
11 5678
11 5678
13 5678
12 3211
12 3211
12 3211
12 3211
12 3211
12 3211
12 3211
12 3211
12 3211
12 3211
12 3211
12 3211
3
Output=""
CASE = Test #12
Input=3 3 3
11 12 13
1 U 0 0
2 A 1 3211 3 11 12 13
3 U 1 2345 1 11
11 1234
12 6532
13 3211
3
Output=1
CASE = Test #13
Input=3 3 1
11 12 13
1 U 0 0
2 U 0 0
3 A 1 1234 3 11 12 13
11 1234
3
Output=1 2
CASE = Test #14
Input=3 3 15
11 12 13
1 U 2 1234 5678 1 11
2 A 1 3211 3 11 12 13
3 U 1 6532 2 12 13
11 5678
11 5678
13 5678
12 3211
12 3211
12 3211
12 3211
12 3211
12 3211
12 3211
12 3211
12 3211
12 3211
12 3211
12 3211
4
Output=4
CASE = Test #15
Input=4 4 6
11 12 13 14
1 U 2 1234 5678 1 11
2 A 1 3211 3 11 12 13
3 U 1 6532 2 12 13
4 A 3 1432 5908 5221 4 11 12 13 14
11 1432
12 9876
13 6532
13 3211
14 5221
14 2345
4
Output=7
CASE = Test #16
Input=4 4 6
11 12 13 14
1 U 2 1234 5678 1 11
2 A 1 3211 3 11 12 13
3 U 3 6532 4321 1233 2 12 13
4 A 3 1432 5908 5221 4 11 12 13 14
11 1432
12 5908
13 6532
13 3211
14 5221
14 5908
4
Output=9
CASE = Test #17
Input=3 3 10
11 12 13
1 U 2 1234 5678 1 11
2 A 1 3211 3 11 12 13
3 U 6 6532 5678 1266 9087 0098 2001 2 12 13
11 5678
11 5678
13 5678
12 3211
12 3211
12 3211
12 3211
12 3211
12 3211
12 3211
4
Output=9
CASE = Test #18
Input=3 3 3
11 12 13
1 U 2 1234 5678 1 11
2 A 1 3211 3 11 12 13
3 U 1 6532 2 12 13
11 9880
12 6532
13 3211
5
Output=1
CASE = Test #19
Input=3 3 3
11 12 13
1 U 2 1234 5678 1 11
2 A 1 3211 3 11 12 13
3 U 1 6532 2 12 13
11 1234
12 6532
13 3211
5
Output=0
CASE = Test #20
Input=4 4 6
11 12 13 14
1 U 2 1234 5678 1 11
2 A 1 3211 3 11 12 13
3 U 1 6532 2 12 13
4 A 3 1432 5908 5221 4 11 12 13 14
11 1432
12 9876
13 6532
13 3211
14 5221
14 2345
2
Output=4
CASE = Test #21
Input=3 3 15
11 12 13
1 U 2 1234 5678 1 11
2 A 1 3211 3 11 12 13
3 U 1 6532 2 12 13
11 5678
11 5678
13 5678
12 3211
12 3213
12 3211
12 3211
12 3213
12 3211
12 3211
12 3211
12 3211
12 3213
12 3211
12 3213
5
Output=5